44,1
44,3
0,273
0,270
3,2
3,1
3,3
10,69
10,151
10,223
10,209
10,309
10,5
10,215
10,233
11,7
11,9
8,8
8,11
8,10
8,7
8,15
8,2
8,3
0,320
96,10
96,9
96,8
96,7
96,6
96,5
96,4
96,3
96,2
96,1
96,0
53,4
53,3
53,1
50,4
50,3
50,1
46,7
46,6
46,5
46,4
46,3
46,2
46,1
45,5
45,4
45,3
45,1
44,2
43,4
43,3
43,1
42,4
42,3
42,1
41,5
41,4
41,3
41,1
40,4
40,3
40,1
37,4
37,3
37,1
35,4
35,3
35,1
34,3
34,1
32,6
32,5
32,4
32,3
32,2
32,1
20,3
20,2
20,1
19,3
19,2
19,1
14,5
12,3
12,2
12,1
11,27
11,26
11,25
18,1
11,24
18,3
11,23
11,22
11,21
11,17
14,1
11,15
14,4
11,13
11,11
14,3
11,5
